epoch:0 0.0000  0.0000  0.0000  -1.0000  -1.0000  0.0000  0.0000  0.0000  0.0000  -1.0000  -1.0000  0.0000  0.9253  0.005000
epoch:1 0.0000  0.0000  0.0000  -1.0000  -1.0000  0.0000  0.0000  0.0000  0.0000  -1.0000  -1.0000  0.0000  0.1617  0.005000
